1000         0.005886     0.002021     0.002952    
1050         0.005359     0.002104     0.001201    
1100         0.005446     0.002213     0.001224    
1150         0.006076     0.002413     0.001325    
1200         0.006586     0.002616     0.001443    
1250         0.007128     0.002857     0.001575    
1300         0.007637     0.003065     0.001602    
1350         0.008169     0.003325     0.001828    
1400         0.010084     0.003884     0.001931    
1450         0.009971     0.004160     0.002231    
1500         0.011222     0.004146     0.002457    
1550         0.010719     0.004325     0.002401    
1600         0.011395     0.004607     0.002512    
1650         0.012142     0.004890     0.002716    
1700         0.013068     0.005185     0.002871    
1750         0.014253     0.006045     0.002946    
1800         0.015091     0.005798     0.003503    
1850         0.015338     0.006126     0.003330    
1900         0.016120     0.006473     0.003831    
1950         0.017061     0.006819     0.003746    
2000         0.018274     0.007141     0.003918    
2050         0.019155     0.007501     0.004041    
2100         0.020080     0.007870     0.004266    
2150         0.029657     0.008237     0.004493    
2200         0.022643     0.008663     0.004715    
2250         0.022522     0.009007     0.004991    
2300         0.023965     0.009395     0.005234    
2350         0.024697     0.009838     0.005458    
2400         0.026234     0.010231     0.005525    
2450         0.027124     0.010662     0.005880    
2500         0.028840     0.011099     0.006114    
2550         0.029910     0.011532     0.006462    
2600         0.030819     0.011969     0.006673    
2650         0.031959     0.012427     0.006777    
2700         0.033669     0.012892     0.006989    
2750         0.034103     0.013372     0.007444    
2800         0.035878     0.013863     0.007511    
2850         0.037491     0.014378     0.008016    
2900         0.038822     0.014860     0.008225    
2950         0.039935     0.015371     0.008406    
3000         0.041918     0.015893     0.008937    
3050         0.043197     0.016495     0.009244    
3100         0.044698     0.016960     0.009440    
3150         0.046045     0.017514     0.009843    
3200         0.046324     0.017335     0.010041    
3250         0.046786     0.017867     0.009881    
3300         0.048271     0.018419     0.010168    
3350         0.049907     0.018958     0.010728    
3400         0.052149     0.019515     0.010739    
3450         0.052585     0.020084     0.011043    
3500         0.054946     0.020666     0.011491    
3550         0.056872     0.021288     0.011838    
3600         0.058505     0.021869     0.012181    
3650         0.060409     0.022466     0.012717    
3700         0.061959     0.023066     0.012754    
3750         0.063787     0.023678     0.012964    
3800         0.065736     0.024330     0.013625    
3850         0.066765     0.024957     0.013836    
3900         0.069103     0.025614     0.014400    
3950         0.069831     0.026272     0.014306    
4000         0.073516     0.026953     0.015010    
4050         0.074783     0.027616     0.015167    
4100         0.076939     0.028297     0.015525    
4150         0.078590     0.028971     0.015925    
4200         0.080322     0.029680     0.016704    
4250         0.080468     0.030374     0.016726    
4300         0.085302     0.031087     0.017377    
4350         0.086391     0.031834     0.017495    
4400         0.089248     0.032542     0.017858    
4450         0.093521     0.033273     0.018442    
4500         0.093655     0.034423     0.019039    
4550         0.095852     0.034751     0.019136    
4600         0.099868     0.035494     0.019801    
4650         0.100160     0.036283     0.020272    
4700         0.102682     0.037057     0.020549    
4750         0.107041     0.037861     0.021185    
4800         0.109016     0.038638     0.021749    
4850         0.109875     0.039443     0.022284    
4900         0.113022     0.040260     0.022041    
4950         0.116150     0.041079     0.022667    
5000         0.118567     0.041366     0.023137    
