1000         0.004502     0.001829     0.001353     0.000295     0.000131    
1200         0.005409     0.002167     0.001477     0.000240     0.000130    
1400         0.006892     0.002814     0.001775     0.000291     0.000147    
1600         0.007802     0.003484     0.002314     0.000402     0.000196    
1800         0.010405     0.004220     0.002943     0.000323     0.000182    
2000         0.012045     0.005180     0.003582     0.000360     0.000207    
2200         0.013996     0.006066     0.003852     0.000450     0.000215    
2400         0.018297     0.007560     0.004555     0.000549     0.000249    
2600         0.019844     0.008716     0.005643     0.000477     0.000268    
2800         0.023035     0.009584     0.006281     0.000489     0.000278    
3000         0.026311     0.011012     0.007196     0.000528     0.000291    
3200         0.029426     0.012380     0.008056     0.000583     0.000316    
3400         0.033120     0.013995     0.008963     0.000611     0.000342    
3600         0.036871     0.015627     0.009741     0.000643     0.000358    
3800         0.041586     0.017369     0.011086     0.000671     0.000379    
4000         0.046252     0.019228     0.012169     0.000713     0.000409    
4200         0.052373     0.021177     0.013315     0.000747     0.000424    
4400         0.058083     0.023243     0.014781     0.000791     0.000448    
4600         0.063027     0.025382     0.016161     0.000823     0.000472    
4800         0.070845     0.027833     0.017335     0.000881     0.000490    
5000         0.075087     0.029985     0.018918     0.000911     0.000513    
5200         0.084497     0.032612     0.021486     0.001300     0.000670    
5400         0.092334     0.035314     0.022580     0.001439     0.000745    
5600         0.107575     0.037873     0.042376     0.001024     0.000586    
5800         0.112058     0.040585     0.029143     0.001084     0.000626    
6000         0.116066     0.043171     0.027598     0.001131     0.000635    
6200         0.123070     0.046528     0.030001     0.001137     0.000668    
6400         0.136418     0.049325     0.031308     0.001193     0.000696    
6600         0.143529     0.052290     0.033528     0.001266     0.000700    
6800         0.152737     0.055697     0.035657     0.001279     0.000734    
7000         0.159900     0.058640     0.037458     0.001319     0.000749    
7200         0.171399     0.062399     0.040221     0.001356     0.000772    
7400         0.179353     0.065634     0.041317     0.001384     0.000794    
7600         0.192357     0.069398     0.044028     0.001429     0.000819    
7800         0.203448     0.073179     0.045618     0.001476     0.000867    
8000         0.218003     0.076910     0.051553     0.002234     0.001124    
8200         0.237435     0.082280     0.052940     0.001542     0.000897    
8400         0.256821     0.085092     0.056046     0.001719     0.000925    
8600         0.257522     0.089271     0.055923     0.002453     0.001279    
8800         0.266524     0.092476     0.063447     0.001686     0.000972    
9000         0.283732     0.096748     0.061460     0.001859     0.001014    
9200         0.293772     0.102169     0.067390     0.001767     0.001059    
9400         0.309613     0.107578     0.070996     0.001807     0.001064    
9600         0.353802     0.109993     0.072264     0.001849     0.001078    
9800         0.334839     0.115240     0.073373     0.002355     0.001142    
10000        0.348670     0.119317     0.079445     0.002070     0.001105    
10200        0.368504     0.125680     0.080715     0.002079     0.001175    
10400        0.385965     0.129763     0.083505     0.002003     0.001161    
10600        0.390140     0.135907     0.085915     0.002072     0.001211    
10800        0.415012     0.139522     0.088739     0.002139     0.001223    
11000        0.429903     0.146310     0.093362     0.002174     0.001249    
11200        0.443640     0.151598     0.094610     0.002161     0.001267    
11600        0.478241     0.160400     0.101441     0.002249     0.001303    
11800        0.495266     0.166004     0.104737     0.002297     0.001338    
12000        0.514944     0.173846     0.108547     0.002322     0.001354    
12200        0.526534     0.177360     0.111824     0.002367     0.001381    
12400        0.550549     0.183201     0.115329     0.002407     0.001389    
12600        0.561621     0.189111     0.119267     0.002455     0.001431    
12800        0.585522     0.195219     0.123843     0.002498     0.001441    
13000        0.604668     0.201394     0.128013     0.002544     0.001495    
13200        0.628814     0.207595     0.133028     0.002607     0.001507    
13400        0.647451     0.213903     0.136235     0.002644     0.001545    
13600        0.664944     0.220301     0.138981     0.002677     0.001552    
13800        0.681420     0.226821     0.141980     0.002722     0.001595    
14000        0.710458     0.233441     0.148348     0.002763     0.001604    
14200        0.728745     0.240147     0.172452     0.002784     0.001622    
14400        0.746841     0.247201     0.155864     0.002824     0.001650    
14600        0.754454     0.253811     0.158324     0.002869     0.001684    
14800        0.790838     0.261149     0.165493     0.002918     0.001713    
15000        0.814576     0.267876     0.169950     0.002961     0.001740    
15200        0.835290     0.275119     0.172323     0.003000     0.001742    
15400        0.859362     0.282721     0.179137     0.003062     0.001773    
15600        0.891239     0.289704     0.182524     0.003089     0.001817    
15800        0.911894     0.297157     0.188468     0.003125     0.001860    
16000        0.927244     0.304809     0.194966     0.003154     0.001880    
16200        0.951565     0.312416     0.195836     0.003192     0.001925    
16400        0.981762     0.320174     0.203759     0.003234     0.001946    
16600        1.003510     0.328014     0.208356     0.003277     0.001918    
16800        1.023625     0.336414     0.212733     0.003337     0.001981    
17000        1.055071     0.344025     0.218964     0.003386     0.001994    
17200        1.090611     0.352126     0.223304     0.003445     0.002036    
17400        1.112596     0.360761     0.229398     0.003472     0.002036    
17600        1.136253     0.369033     0.234324     0.003527     0.002050    
17800        1.159650     0.377066     0.239507     0.003575     0.002119    
18000        1.184264     0.385604     0.244222     0.003623     0.002133    
18200        1.220776     0.394249     0.250094     0.003648     0.002147    
18400        1.240365     0.403259     0.254789     0.003685     0.002219    
18600        1.279095     0.411690     0.262401     0.003730     0.002208    
18800        1.307412     0.420612     0.265176     0.003786     0.002207    
19000        1.331634     0.429914     0.272107     0.003840     0.002262    
19200        1.360308     0.439023     0.278258     0.003884     0.002264    
19400        1.401331     0.447828     0.285425     0.003929     0.002274    
19600        1.430415     0.457073     0.288599     0.003961     0.002317    
19800        1.440688     0.466437     0.296127     0.003998     0.002344    
20000        1.481691     0.476206     0.303167     0.004036     0.002408    
